tag             Ms    Ma   a_rho     a_v     a_H    a_TT    a_EE    a_BB   BB/EE    rTE    rTB    rEB
ms0.5_ma0.5   0.52  0.52   -3.54   -3.83   -3.17   -3.70   -2.19   -2.31    0.84  -0.09 -0.006 -0.047
ms0.5_ma2     0.52  2.08   -3.22   -3.44   -3.18   -3.01   -2.55   -2.98    0.94  -0.08  0.031 -0.049
ms0.5_ma1     0.52  1.04   -3.33   -3.49   -2.92   -2.97   -2.05   -2.81    3.67  -0.03 -0.008  0.081
ms1_ma2       1.01  2.02   -3.12   -3.49   -3.35   -2.95   -2.34   -2.93    1.81   0.24  0.033  0.012
ms1_ma1       1.02  1.02   -3.33   -3.54   -3.20   -2.85   -2.36   -2.90    1.79   0.09 -0.044 -0.040
ms1_ma0.5     1.02  0.51   -3.54   -3.91   -3.45   -2.41   -2.44   -2.20    0.85  -0.12 -0.043  0.034
ms2_ma1       1.87  0.94   -3.01   -3.67   -3.37   -2.53   -2.10   -2.66    2.52   0.09  0.069 -0.034
ms2_ma0.5     2.09  0.52   -3.43   -3.60   -3.38   -1.81   -1.98   -2.22    0.79  -0.03 -0.014  0.059
ms2_ma2       2.10  2.10   -2.99   -3.61   -3.57   -2.85   -2.48   -2.72    1.14   0.13 -0.019  0.045
ms3_ma1       2.56  0.85   -2.85   -3.35   -3.33   -2.24   -1.99   -2.23    0.92   0.23 -0.075  0.004
ms3_ma0.5     2.63  0.44   -3.27   -3.48   -3.73   -3.05   -2.80   -3.41    1.05   0.46  0.145  0.120
ms3_ma2       3.19  2.13   -2.74   -3.57   -3.49   -2.65   -2.24   -2.38    0.75   0.16  0.085 -0.002
ms4_ma1       3.62  0.90   -2.80   -3.40   -3.33   -2.61   -2.18   -2.14    0.97   0.07  0.050 -0.024
ms4_ma0.5     3.75  0.47   -2.83   -3.74   -3.23   -1.54   -1.94   -1.94    0.52   0.05 -0.010  0.008
ms4_ma2       4.14  2.07   -2.51   -3.62   -3.51   -2.44   -2.05   -2.30    1.09   0.18 -0.028  0.057
ms5_ma0.5     4.32  0.43   -2.68   -3.16   -3.17   -1.56   -1.86   -1.77    0.41   0.06 -0.010 -0.008
ms5_ma1       4.40  0.88   -2.46   -3.44   -3.24   -2.04   -1.73   -2.02    1.54   0.11  0.006 -0.028
ms5_ma2       5.14  2.06   -2.45   -3.52   -3.61   -2.61   -2.35   -2.43    0.82   0.25  0.031  0.060
ms6_ma1       5.29  0.88   -2.29   -3.55   -3.29   -2.13   -1.96   -1.95    1.23   0.08 -0.008 -0.122
ms6_ma0.5     5.69  0.47   -2.74   -3.52   -3.18   -1.64   -1.81   -1.92    1.15   0.01 -0.015 -0.064
ms6_ma2       6.91  2.30   -2.63   -3.53   -3.50   -2.86   -1.78   -1.77    0.84   0.27 -0.084 -0.114
