tag             Ms    Ma   a_rho     a_v     a_H    a_TT    a_EE    a_BB   BB/EE    rTE    rTB    rEB
ms0.5_ma0.5   0.44  0.44   -3.96   -3.79   -3.80   -5.13   -5.11   -6.26    2.81   0.59  0.017  0.022
ms0.5_ma2     0.49  1.96   -3.58   -3.81   -3.56   -3.68   -3.13   -3.31    0.66  -0.27 -0.006  0.073
ms0.5_ma1     0.55  1.11   -3.93   -3.87   -3.71   -4.64   -4.55   -4.80    0.78  -0.10 -0.034  0.016
ms1_ma0.5     0.86  0.43   -3.91   -4.04   -4.16   -4.76   -4.43   -5.44    3.09   0.66  0.028 -0.015
ms1_ma1       0.95  0.95   -3.66   -3.89   -3.70   -3.96   -3.90   -4.35    1.78   0.14  0.064  0.041
ms1_ma2       0.97  1.94   -3.57   -3.72   -3.80   -3.70   -3.00   -3.28    1.05  -0.06 -0.006 -0.062
ms2_ma0.5     1.75  0.44   -4.09   -4.14   -4.16   -4.90   -4.53   -5.47    1.41   0.74 -0.036  0.028
ms2_ma1       1.91  0.96   -3.42   -4.04   -3.77   -3.63   -3.48   -3.92    1.80   0.34 -0.081 -0.089
ms2_ma2       1.97  1.97   -3.19   -3.82   -3.70   -3.28   -2.87   -2.90    0.97   0.02  0.004 -0.039
ms3_ma1       2.71  0.90   -3.10   -3.91   -3.82   -3.19   -2.91   -3.15    1.60   0.04 -0.060  0.026
ms3_ma0.5     2.80  0.47   -3.73   -3.92   -4.39   -3.88   -3.72   -3.96    1.71   0.37 -0.250  0.022
ms4_ma0.5     2.96  0.37   -3.30   -3.96   -3.78   -3.46   -3.29   -3.65    2.18   0.38  0.078  0.060
ms3_ma2       3.01  2.01   -3.06   -3.95   -3.84   -3.02   -2.31   -2.52    1.21   0.13 -0.085 -0.060
ms5_ma0.5     3.88  0.39   -3.29   -4.28   -3.69   -3.47   -3.18   -3.72    4.33   0.48 -0.124 -0.100
ms4_ma1       3.89  0.97   -2.75   -4.03   -3.75   -2.96   -2.72   -3.00    1.63   0.15 -0.077  0.077
ms4_ma2       4.06  2.03   -2.79   -3.94   -3.76   -3.00   -2.40   -2.54    1.14   0.20 -0.055 -0.055
ms5_ma1       4.55  0.91   -2.78   -3.99   -3.75   -2.85   -2.78   -2.82    1.39  -0.13 -0.025 -0.065
ms6_ma0.5     4.83  0.40   -2.80   -3.95   -3.71   -3.14   -3.27   -3.00    1.04  -0.05  0.068  0.092
ms6_ma1       5.20  0.87   -2.61   -3.78   -3.72   -2.66   -2.52   -2.54    1.25  -0.08  0.143 -0.019
ms5_ma2       5.61  2.24   -2.70   -3.87   -3.72   -2.82   -2.41   -2.57    1.69   0.26 -0.015 -0.015
ms6_ma2       6.38  2.13   -2.73   -3.79   -3.74   -2.80   -2.41   -2.40    1.67   0.05 -0.095  0.017
