tag             Ms    Ma   a_rho     a_v     a_H    a_TT    a_EE    a_BB   BB/EE    rTE    rTB    rEB
ms0.5_ma0.5   0.52  0.52   -3.54   -3.83   -3.17   -4.06   -4.12   -4.97    3.29   0.77 -0.094 -0.073
ms0.5_ma2     0.52  2.08   -3.22   -3.44   -3.18   -3.27   -2.80   -3.17    0.87  -0.18 -0.029  0.019
ms0.5_ma1     0.52  1.04   -3.33   -3.49   -2.92   -3.55   -3.64   -3.97    1.22  -0.08 -0.012  0.012
ms1_ma2       1.01  2.02   -3.12   -3.49   -3.35   -3.17   -2.62   -2.71    0.65  -0.09  0.009 -0.049
ms1_ma1       1.02  1.02   -3.33   -3.54   -3.20   -3.50   -3.44   -3.97    1.62   0.13 -0.007  0.035
ms1_ma0.5     1.02  0.51   -3.54   -3.91   -3.45   -3.50   -3.13   -4.31    5.34   0.74 -0.044 -0.109
ms2_ma1       1.87  0.94   -3.01   -3.67   -3.37   -3.19   -3.01   -3.32    1.54   0.27 -0.009 -0.061
ms2_ma0.5     2.09  0.52   -3.43   -3.60   -3.38   -3.85   -3.54   -4.36    2.36   0.56  0.107  0.031
ms2_ma2       2.10  2.10   -2.99   -3.61   -3.57   -2.87   -2.64   -2.72    1.15   0.24 -0.059 -0.053
ms3_ma1       2.56  0.85   -2.85   -3.35   -3.33   -3.14   -2.75   -3.11    1.49   0.04  0.097  0.035
ms3_ma0.5     2.63  0.44   -3.27   -3.48   -3.73   -3.12   -2.95   -3.56    1.64   0.61  0.008  0.022
ms3_ma2       3.19  2.13   -2.74   -3.57   -3.49   -2.80   -2.44   -2.71    1.19   0.18  0.009  0.080
ms4_ma1       3.62  0.90   -2.80   -3.40   -3.33   -2.94   -2.77   -2.64    0.88   0.06  0.044  0.088
ms4_ma0.5     3.75  0.47   -2.83   -3.74   -3.23   -3.24   -3.05   -3.40    2.64   0.29  0.202  0.155
ms4_ma2       4.14  2.07   -2.51   -3.62   -3.51   -2.58   -2.40   -2.59    1.00   0.23  0.018 -0.054
ms5_ma0.5     4.32  0.43   -2.68   -3.16   -3.17   -2.72   -2.61   -2.85    1.25   0.42  0.025  0.067
ms5_ma1       4.40  0.88   -2.46   -3.44   -3.24   -2.26   -2.35   -2.53    1.30   0.12 -0.029 -0.014
ms5_ma2       5.14  2.06   -2.45   -3.52   -3.61   -2.30   -2.11   -2.16    0.76   0.25 -0.057  0.034
ms6_ma1       5.29  0.88   -2.29   -3.55   -3.29   -2.26   -2.32   -2.20    0.58   0.10 -0.062  0.083
ms6_ma0.5     5.69  0.47   -2.74   -3.52   -3.18   -3.28   -3.22   -3.27    2.21   0.11  0.297  0.091
ms6_ma2       6.91  2.30   -2.63   -3.53   -3.50   -2.74   -2.23   -2.29    0.75   0.32  0.216  0.165
